        TIME,    TIDE,      OB,   SURGE,    BIAS,     TWL,SURGE90p,  TWL90p,SURGE10p,   TWL10p
202604160000,   0.633,9999.000,   0.400,9999.000,   1.033,   0.300,   0.933,   0.500,   1.133
202604160006,   0.663,9999.000,9999.000,9999.000,9999.000,9999.000,9999.000,9999.000,9999.000
202604160012,   0.708,9999.000,9999.000,9999.000,9999.000,9999.000,9999.000,9999.000,9999.000
202604160018,   0.766,9999.000,9999.000,9999.000,9999.000,9999.000,9999.000,9999.000,9999.000
202604160024,   0.838,9999.000,9999.000,9999.000,9999.000,9999.000,9999.000,9999.000,9999.000
202604160030,   0.925,9999.000,9999.000,9999.000,9999.000,9999.000,9999.000,9999.000,9999.000
202604160036,   1.025,9999.000,9999.000,9999.000,9999.000,9999.000,9999.000,9999.000,9999.000
202604160042,   1.138,9999.000,9999.000,9999.000,9999.000,9999.000,9999.000,9999.000,9999.000
202604160048,   1.264,9999.000,9999.000,9999.000,9999.000,9999.000,9999.000,9999.000,9999.000
202604160054,   1.402,   3.224,9999.000,9999.000,9999.000,9999.000,9999.000,9999.000,9999.000
202604160100,   1.551,   3.224,   0.400,   1.273,   3.224,   0.300,   3.124,   0.500,   3.324
202604160106,   1.709,9999.000,9999.000,9999.000,9999.000,9999.000,9999.000,9999.000,9999.000
202604160112,   1.876,9999.000,9999.000,9999.000,9999.000,9999.000,9999.000,9999.000,9999.000
202604160118,   2.050,9999.000,9999.000,9999.000,9999.000,9999.000,9999.000,9999.000,9999.000
202604160124,   2.229,   4.063,9999.000,9999.000,9999.000,9999.000,9999.000,9999.000,9999.000
202604160130,   2.412,9999.000,9999.000,9999.000,9999.000,9999.000,9999.000,9999.000,9999.000
202604160136,   2.599,9999.000,9999.000,9999.000,9999.000,9999.000,9999.000,9999.000,9999.000
202604160142,   2.786,9999.000,9999.000,9999.000,9999.000,9999.000,9999.000,9999.000,9999.000
202604160148,   2.974,9999.000,9999.000,9999.000,9999.000,9999.000,9999.000,9999.000,9999.000
202604160154,   3.161,   4.785,9999.000,9999.000,9999.000,9999.000,9999.000,9999.000,9999.000
202604160200,   3.346,   4.785,   0.400,   1.039,   4.785,   0.400,   4.785,   0.500,   4.885
202604160206,   3.528,9999.000,9999.000,9999.000,9999.000,9999.000,9999.000,9999.000,9999.000
202604160212,   3.706,9999.000,9999.000,9999.000,9999.000,9999.000,9999.000,9999.000,9999.000
202604160218,   3.879,9999.000,9999.000,9999.000,9999.000,9999.000,9999.000,9999.000,9999.000
202604160224,   4.048,   5.451,9999.000,9999.000,9999.000,9999.000,9999.000,9999.000,9999.000
202604160230,   4.211,9999.000,9999.000,9999.000,9999.000,9999.000,9999.000,9999.000,9999.000
202604160236,   4.369,9999.000,9999.000,9999.000,9999.000,9999.000,9999.000,9999.000,9999.000
202604160242,   4.521,9999.000,9999.000,9999.000,9999.000,9999.000,9999.000,9999.000,9999.000
202604160248,   4.668,9999.000,9999.000,9999.000,9999.000,9999.000,9999.000,9999.000,9999.000
202604160254,   4.810,   6.041,9999.000,9999.000,9999.000,9999.000,9999.000,9999.000,9999.000
202604160300,   4.947,   6.041,   0.400,   0.694,   6.041,   0.400,   6.041,   0.500,   6.141
202604160306,   5.080,9999.000,9999.000,9999.000,9999.000,9999.000,9999.000,9999.000,9999.000
202604160312,   5.208,9999.000,9999.000,9999.000,9999.000,9999.000,9999.000,9999.000,9999.000
202604160318,   5.333,9999.000,9999.000,9999.000,9999.000,9999.000,9999.000,9999.000,9999.000
202604160324,   5.455,   6.628,9999.000,9999.000,9999.000,9999.000,9999.000,9999.000,9999.000
202604160330,   5.573,9999.000,9999.000,9999.000,9999.000,9999.000,9999.000,9999.000,9999.000
202604160336,   5.689,9999.000,9999.000,9999.000,9999.000,9999.000,9999.000,9999.000,9999.000
202604160342,   5.802,9999.000,9999.000,9999.000,9999.000,9999.000,9999.000,9999.000,9999.000
202604160348,   5.913,9999.000,9999.000,9999.000,9999.000,9999.000,9999.000,9999.000,9999.000
202604160354,   6.021,   7.219,9999.000,9999.000,9999.000,9999.000,9999.000,9999.000,9999.000
202604160400,   6.126,   7.219,   0.500,   0.593,   7.219,   0.400,   7.119,   0.500,   7.219
202604160406,   6.228,9999.000,9999.000,9999.000,9999.000,9999.000,9999.000,9999.000,9999.000
202604160412,   6.326,9999.000,9999.000,9999.000,9999.000,9999.000,9999.000,9999.000,9999.000
202604160418,   6.421,9999.000,9999.000,9999.000,9999.000,9999.000,9999.000,9999.000,9999.000
202604160424,   6.511,   7.543,9999.000,9999.000,9999.000,9999.000,9999.000,9999.000,9999.000
202604160430,   6.596,9999.000,9999.000,9999.000,9999.000,9999.000,9999.000,9999.000,9999.000
202604160436,   6.675,9999.000,9999.000,9999.000,9999.000,9999.000,9999.000,9999.000,9999.000
202604160442,   6.747,9999.000,9999.000,9999.000,9999.000,9999.000,9999.000,9999.000,9999.000
202604160448,   6.812,9999.000,9999.000,9999.000,9999.000,9999.000,9999.000,9999.000,9999.000
202604160454,   6.869,   7.612,9999.000,9999.000,9999.000,9999.000,9999.000,9999.000,9999.000
202604160500,   6.917,   7.612,   0.500,   0.195,   7.612,   0.400,   7.512,   0.500,   7.612
202604160506,   6.956,9999.000,9999.000,9999.000,9999.000,9999.000,9999.000,9999.000,9999.000
202604160512,   6.984,9999.000,9999.000,9999.000,9999.000,9999.000,9999.000,9999.000,9999.000
202604160518,   7.003,9999.000,9999.000,9999.000,9999.000,9999.000,9999.000,9999.000,9999.000
202604160524,   7.011,   7.334,9999.000,9999.000,9999.000,9999.000,9999.000,9999.000,9999.000
202604160530,   7.008,9999.000,9999.000,9999.000,9999.000,9999.000,9999.000,9999.000,9999.000
202604160536,   6.994,9999.000,9999.000,9999.000,9999.000,9999.000,9999.000,9999.000,9999.000
202604160542,   6.970,9999.000,9999.000,9999.000,9999.000,9999.000,9999.000,9999.000,9999.000
202604160548,   6.935,9999.000,9999.000,9999.000,9999.000,9999.000,9999.000,9999.000,9999.000
202604160554,   6.889,   6.809,9999.000,9999.000,9999.000,9999.000,9999.000,9999.000,9999.000
202604160600,   6.834,   6.809,   0.500,  -0.525,   6.809,   0.400,   6.709,   0.500,   6.809
202604160606,   6.769,9999.000,9999.000,9999.000,9999.000,9999.000,9999.000,9999.000,9999.000
202604160612,   6.696,9999.000,9999.000,9999.000,9999.000,9999.000,9999.000,9999.000,9999.000
202604160618,   6.615,9999.000,9999.000,9999.000,9999.000,9999.000,9999.000,9999.000,9999.000
202604160624,   6.526,   6.159,9999.000,9999.000,9999.000,9999.000,9999.000,9999.000,9999.000
202604160630,   6.431,9999.000,9999.000,9999.000,9999.000,9999.000,9999.000,9999.000,9999.000
202604160636,   6.330,9999.000,9999.000,9999.000,9999.000,9999.000,9999.000,9999.000,9999.000
202604160642,   6.224,9999.000,9999.000,9999.000,9999.000,9999.000,9999.000,9999.000,9999.000
202604160648,   6.114,9999.000,9999.000,9999.000,9999.000,9999.000,9999.000,9999.000,9999.000
202604160654,   6.000,   5.510,9999.000,9999.000,9999.000,9999.000,9999.000,9999.000,9999.000
202604160700,   5.883,   5.510,   0.500,  -0.873,   5.510,   0.400,   5.410,   0.500,   5.510
202604160706,   5.764,9999.000,9999.000,9999.000,9999.000,9999.000,9999.000,9999.000,9999.000
202604160712,   5.643,9999.000,9999.000,9999.000,9999.000,9999.000,9999.000,9999.000,9999.000
202604160718,   5.521,9999.000,9999.000,9999.000,9999.000,9999.000,9999.000,9999.000,9999.000
202604160724,   5.397,   4.926,9999.000,9999.000,9999.000,9999.000,9999.000,9999.000,9999.000
202604160730,   5.273,9999.000,9999.000,9999.000,9999.000,9999.000,9999.000,9999.000,9999.000
202604160736,   5.149,9999.000,9999.000,9999.000,9999.000,9999.000,9999.000,9999.000,9999.000
202604160742,   5.024,9999.000,9999.000,9999.000,9999.000,9999.000,9999.000,9999.000,9999.000
202604160748,   4.899,9999.000,9999.000,9999.000,9999.000,9999.000,9999.000,9999.000,9999.000
202604160754,   4.774,   4.345,9999.000,9999.000,9999.000,9999.000,9999.000,9999.000,9999.000
202604160800,   4.648,   4.345,   0.500,  -0.803,   4.345,   0.400,   4.245,   0.500,   4.345
202604160806,   4.523,9999.000,9999.000,9999.000,9999.000,9999.000,9999.000,9999.000,9999.000
202604160812,   4.398,9999.000,9999.000,9999.000,9999.000,9999.000,9999.000,9999.000,9999.000
202604160818,   4.273,9999.000,9999.000,9999.000,9999.000,9999.000,9999.000,9999.000,9999.000
202604160824,   4.149,   3.771,9999.000,9999.000,9999.000,9999.000,9999.000,9999.000,9999.000
202604160830,   4.024,9999.000,9999.000,9999.000,9999.000,9999.000,9999.000,9999.000,9999.000
202604160836,   3.900,9999.000,9999.000,9999.000,9999.000,9999.000,9999.000,9999.000,9999.000
202604160842,   3.776,9999.000,9999.000,9999.000,9999.000,9999.000,9999.000,9999.000,9999.000
202604160848,   3.653,9999.000,9999.000,9999.000,9999.000,9999.000,9999.000,9999.000,9999.000
202604160854,   3.530,   3.175,9999.000,9999.000,9999.000,9999.000,9999.000,9999.000,9999.000
202604160900,   3.408,   3.175,   0.500,  -0.733,   3.175,   0.400,   3.075,   0.500,   3.175
202604160906,   3.286,9999.000,9999.000,9999.000,9999.000,9999.000,9999.000,9999.000,9999.000
202604160912,   3.166,9999.000,9999.000,9999.000,9999.000,9999.000,9999.000,9999.000,9999.000
202604160918,   3.046,9999.000,9999.000,9999.000,9999.000,9999.000,9999.000,9999.000,9999.000
202604160924,   2.928,   2.601,9999.000,9999.000,9999.000,9999.000,9999.000,9999.000,9999.000
202604160930,   2.811,9999.000,9999.000,9999.000,9999.000,9999.000,9999.000,9999.000,9999.000
202604160936,   2.695,9999.000,9999.000,9999.000,9999.000,9999.000,9999.000,9999.000,9999.000
202604160942,   2.580,9999.000,9999.000,9999.000,9999.000,9999.000,9999.000,9999.000,9999.000
202604160948,   2.467,9999.000,9999.000,9999.000,9999.000,9999.000,9999.000,9999.000,9999.000
202604160954,   2.354,   1.967,9999.000,9999.000,9999.000,9999.000,9999.000,9999.000,9999.000
202604161000,   2.243,   1.967,   0.500,  -0.776,   1.967,   0.400,   1.867,   0.500,   1.967
202604161006,   2.134,9999.000,9999.000,9999.000,9999.000,9999.000,9999.000,9999.000,9999.000
202604161012,   2.025,9999.000,9999.000,9999.000,9999.000,9999.000,9999.000,9999.000,9999.000
202604161018,   1.918,9999.000,9999.000,9999.000,9999.000,9999.000,9999.000,9999.000,9999.000
202604161024,   1.811,   1.472,9999.000,9999.000,9999.000,9999.000,9999.000,9999.000,9999.000
202604161030,   1.706,9999.000,9999.000,9999.000,9999.000,9999.000,9999.000,9999.000,9999.000
202604161036,   1.601,9999.000,9999.000,9999.000,9999.000,9999.000,9999.000,9999.000,9999.000
202604161042,   1.498,9999.000,9999.000,9999.000,9999.000,9999.000,9999.000,9999.000,9999.000
202604161048,   1.396,9999.000,9999.000,9999.000,9999.000,9999.000,9999.000,9999.000,9999.000
202604161054,   1.296,   0.974,9999.000,9999.000,9999.000,9999.000,9999.000,9999.000,9999.000
202604161100,   1.197,   0.974,   0.500,  -0.723,   0.974,   0.400,   0.874,   0.500,   0.974
202604161106,   1.101,9999.000,9999.000,9999.000,9999.000,9999.000,9999.000,9999.000,9999.000
202604161112,   1.007,9999.000,9999.000,9999.000,9999.000,9999.000,9999.000,9999.000,9999.000
202604161118,   0.917,9999.000,9999.000,9999.000,9999.000,9999.000,9999.000,9999.000,9999.000
202604161124,   0.831,   0.541,9999.000,9999.000,9999.000,9999.000,9999.000,9999.000,9999.000
202604161130,   0.750,9999.000,9999.000,9999.000,9999.000,9999.000,9999.000,9999.000,9999.000
202604161136,   0.674,9999.000,9999.000,9999.000,9999.000,9999.000,9999.000,9999.000,9999.000
202604161142,   0.605,9999.000,9999.000,9999.000,9999.000,9999.000,9999.000,9999.000,9999.000
202604161148,   0.543,9999.000,9999.000,9999.000,9999.000,9999.000,9999.000,9999.000,9999.000
202604161154,   0.490,   0.262,9999.000,9999.000,9999.000,9999.000,9999.000,9999.000,9999.000
202604161200,   0.446,   0.262,   0.500,  -0.684,   0.262,   0.400,   0.162,   0.500,   0.262
202604161206,   0.413,9999.000,9999.000,9999.000,9999.000,9999.000,9999.000,9999.000,9999.000
202604161212,   0.391,9999.000,9999.000,9999.000,9999.000,9999.000,9999.000,9999.000,9999.000
202604161218,   0.382,9999.000,9999.000,9999.000,9999.000,9999.000,9999.000,9999.000,9999.000
202604161224,   0.385,   0.701,9999.000,9999.000,9999.000,9999.000,9999.000,9999.000,9999.000
202604161230,   0.402,9999.000,9999.000,9999.000,9999.000,9999.000,9999.000,9999.000,9999.000
202604161236,   0.434,9999.000,9999.000,9999.000,9999.000,9999.000,9999.000,9999.000,9999.000
202604161242,   0.479,9999.000,9999.000,9999.000,9999.000,9999.000,9999.000,9999.000,9999.000
202604161248,   0.539,9999.000,9999.000,9999.000,9999.000,9999.000,9999.000,9999.000,9999.000
202604161254,   0.614,   1.922,9999.000,9999.000,9999.000,9999.000,9999.000,9999.000,9999.000
202604161300,   0.703,   1.922,   0.500,   0.719,   1.922,   0.400,   1.822,   0.500,   1.922
202604161306,   0.806,9999.000,9999.000,9999.000,9999.000,9999.000,9999.000,9999.000,9999.000
202604161312,   0.922,9999.000,9999.000,9999.000,9999.000,9999.000,9999.000,9999.000,9999.000
202604161318,   1.050,9999.000,9999.000,9999.000,9999.000,9999.000,9999.000,9999.000,9999.000
202604161324,   1.189,   2.955,9999.000,9999.000,9999.000,9999.000,9999.000,9999.000,9999.000
202604161330,   1.339,9999.000,9999.000,9999.000,9999.000,9999.000,9999.000,9999.000,9999.000
202604161336,   1.498,9999.000,9999.000,9999.000,9999.000,9999.000,9999.000,9999.000,9999.000
202604161342,   1.665,9999.000,9999.000,9999.000,9999.000,9999.000,9999.000,9999.000,9999.000
202604161348,   1.837,9999.000,9999.000,9999.000,9999.000,9999.000,9999.000,9999.000,9999.000
202604161354,   2.015,   3.814,9999.000,9999.000,9999.000,9999.000,9999.000,9999.000,9999.000
202604161400,   2.196,   3.814,   0.500,   1.118,   3.814,   0.400,   3.714,   0.500,   3.814
202604161406,   2.380,9999.000,9999.000,9999.000,9999.000,9999.000,9999.000,9999.000,9999.000
202604161412,   2.564,9999.000,9999.000,9999.000,9999.000,9999.000,9999.000,9999.000,9999.000
202604161418,   2.747,9999.000,9999.000,9999.000,9999.000,9999.000,9999.000,9999.000,9999.000
202604161424,   2.929,   4.546,9999.000,9999.000,9999.000,9999.000,9999.000,9999.000,9999.000
202604161430,   3.108,9999.000,9999.000,9999.000,9999.000,9999.000,9999.000,9999.000,9999.000
202604161436,   3.284,9999.000,9999.000,9999.000,9999.000,9999.000,9999.000,9999.000,9999.000
202604161442,   3.456,9999.000,9999.000,9999.000,9999.000,9999.000,9999.000,9999.000,9999.000
202604161448,   3.623,9999.000,9999.000,9999.000,9999.000,9999.000,9999.000,9999.000,9999.000
202604161454,   3.785,   5.215,9999.000,9999.000,9999.000,9999.000,9999.000,9999.000,9999.000
202604161500,   3.942,   5.215,   0.500,   0.773,   5.215,   0.400,   5.115,   0.500,   5.215
202604161506,   4.094,9999.000,9999.000,9999.000,9999.000,9999.000,9999.000,9999.000,9999.000
202604161512,   4.240,9999.000,9999.000,9999.000,9999.000,9999.000,9999.000,9999.000,9999.000
202604161518,   4.382,9999.000,9999.000,9999.000,9999.000,9999.000,9999.000,9999.000,9999.000
202604161524,   4.518,   5.835,9999.000,9999.000,9999.000,9999.000,9999.000,9999.000,9999.000
202604161530,   4.650,9999.000,9999.000,9999.000,9999.000,9999.000,9999.000,9999.000,9999.000
202604161536,   4.778,9999.000,9999.000,9999.000,9999.000,9999.000,9999.000,9999.000,9999.000
202604161542,   4.903,9999.000,9999.000,9999.000,9999.000,9999.000,9999.000,9999.000,9999.000
202604161548,   5.024,9999.000,9999.000,9999.000,9999.000,9999.000,9999.000,9999.000,9999.000
202604161554,   5.142,   6.432,9999.000,9999.000,9999.000,9999.000,9999.000,9999.000,9999.000
202604161600,   5.257,   6.432,   0.400,   0.775,   6.432,   0.400,   6.432,   0.500,   6.532
202604161606,   5.369,9999.000,9999.000,9999.000,9999.000,9999.000,9999.000,9999.000,9999.000
202604161612,   5.479,9999.000,9999.000,9999.000,9999.000,9999.000,9999.000,9999.000,9999.000
202604161618,   5.586,9999.000,9999.000,9999.000,9999.000,9999.000,9999.000,9999.000,9999.000
202604161624,   5.691,   7.032,9999.000,9999.000,9999.000,9999.000,9999.000,9999.000,9999.000
202604161630,   5.793,9999.000,9999.000,9999.000,9999.000,9999.000,9999.000,9999.000,9999.000
202604161636,   5.891,9999.000,9999.000,9999.000,9999.000,9999.000,9999.000,9999.000,9999.000
202604161642,   5.985,9999.000,9999.000,9999.000,9999.000,9999.000,9999.000,9999.000,9999.000
202604161648,   6.075,9999.000,9999.000,9999.000,9999.000,9999.000,9999.000,9999.000,9999.000
202604161654,   6.160,   7.383,9999.000,9999.000,9999.000,9999.000,9999.000,9999.000,9999.000
202604161700,   6.239,   7.383,   0.400,   0.744,   7.383,   0.400,   7.383,   0.500,   7.483
202604161706,   6.312,9999.000,9999.000,9999.000,9999.000,9999.000,9999.000,9999.000,9999.000
202604161712,   6.378,9999.000,9999.000,9999.000,9999.000,9999.000,9999.000,9999.000,9999.000
202604161718,   6.436,9999.000,9999.000,9999.000,9999.000,9999.000,9999.000,9999.000,9999.000
202604161724,   6.485,   7.448,9999.000,9999.000,9999.000,9999.000,9999.000,9999.000,9999.000
202604161730,   6.525,9999.000,9999.000,9999.000,9999.000,9999.000,9999.000,9999.000,9999.000
202604161736,   6.556,9999.000,9999.000,9999.000,9999.000,9999.000,9999.000,9999.000,9999.000
202604161742,   6.577,9999.000,9999.000,9999.000,9999.000,9999.000,9999.000,9999.000,9999.000
202604161748,   6.587,9999.000,9999.000,9999.000,9999.000,9999.000,9999.000,9999.000,9999.000
202604161754,   6.586,   7.150,9999.000,9999.000,9999.000,9999.000,9999.000,9999.000,9999.000
202604161800,   6.575,   7.150,   0.500,   0.075,   7.150,   0.400,   7.050,   0.500,   7.150
202604161806,   6.553,9999.000,9999.000,9999.000,9999.000,9999.000,9999.000,9999.000,9999.000
202604161812,   6.521,9999.000,9999.000,9999.000,9999.000,9999.000,9999.000,9999.000,9999.000
202604161818,   6.479,9999.000,9999.000,9999.000,9999.000,9999.000,9999.000,9999.000,9999.000
202604161824,   6.427,   6.609,9999.000,9999.000,9999.000,9999.000,9999.000,9999.000,9999.000
202604161830,   6.366,9999.000,9999.000,9999.000,9999.000,9999.000,9999.000,9999.000,9999.000
202604161836,   6.297,9999.000,9999.000,9999.000,9999.000,9999.000,9999.000,9999.000,9999.000
202604161842,   6.219,9999.000,9999.000,9999.000,9999.000,9999.000,9999.000,9999.000,9999.000
202604161848,   6.135,9999.000,9999.000,9999.000,9999.000,9999.000,9999.000,9999.000,9999.000
202604161854,   6.044,   5.976,9999.000,9999.000,9999.000,9999.000,9999.000,9999.000,9999.000
202604161900,   5.947,   5.976,   0.500,  -0.471,   5.976,   0.400,   5.876,   0.500,   5.976
202604161906,   5.846,9999.000,9999.000,9999.000,9999.000,9999.000,9999.000,9999.000,9999.000
202604161912,   5.740,9999.000,9999.000,9999.000,9999.000,9999.000,9999.000,9999.000,9999.000
202604161918,   5.632,9999.000,9999.000,9999.000,9999.000,9999.000,9999.000,9999.000,9999.000
202604161924,   5.520,   5.336,9999.000,9999.000,9999.000,9999.000,9999.000,9999.000,9999.000
202604161930,   5.406,9999.000,9999.000,9999.000,9999.000,9999.000,9999.000,9999.000,9999.000
202604161936,   5.291,9999.000,9999.000,9999.000,9999.000,9999.000,9999.000,9999.000,9999.000
202604161942,   5.175,9999.000,9999.000,9999.000,9999.000,9999.000,9999.000,9999.000,9999.000
202604161948,   5.057,9999.000,9999.000,9999.000,9999.000,9999.000,9999.000,9999.000,9999.000
202604161954,   4.940,   4.749,9999.000,9999.000,9999.000,9999.000,9999.000,9999.000,9999.000
202604162000,   4.822,   4.749,   0.500,  -0.573,   4.749,   0.400,   4.649,   0.500,   4.749
202604162006,   4.704,9999.000,9999.000,9999.000,9999.000,9999.000,9999.000,9999.000,9999.000
202604162012,   4.586,9999.000,9999.000,9999.000,9999.000,9999.000,9999.000,9999.000,9999.000
202604162018,   4.468,9999.000,9999.000,9999.000,9999.000,9999.000,9999.000,9999.000,9999.000
202604162024,   4.351,   4.172,9999.000,9999.000,9999.000,9999.000,9999.000,9999.000,9999.000
202604162030,   4.234,9999.000,9999.000,9999.000,9999.000,9999.000,9999.000,9999.000,9999.000
202604162036,   4.117,9999.000,9999.000,9999.000,9999.000,9999.000,9999.000,9999.000,9999.000
202604162042,   4.001,9999.000,9999.000,9999.000,9999.000,9999.000,9999.000,9999.000,9999.000
202604162048,   3.884,9999.000,9999.000,9999.000,9999.000,9999.000,9999.000,9999.000,9999.000
202604162054,   3.769,   3.598,9999.000,9999.000,9999.000,9999.000,9999.000,9999.000,9999.000
202604162100,   3.654,   3.598,   0.500,  -0.556,   3.598,   0.400,   3.498,   0.500,   3.598
202604162106,   3.539,9999.000,9999.000,9999.000,9999.000,9999.000,9999.000,9999.000,9999.000
202604162112,   3.425,9999.000,9999.000,9999.000,9999.000,9999.000,9999.000,9999.000,9999.000
202604162118,   3.312,9999.000,9999.000,9999.000,9999.000,9999.000,9999.000,9999.000,9999.000
202604162124,   3.199,   3.007,9999.000,9999.000,9999.000,9999.000,9999.000,9999.000,9999.000
202604162130,   3.088,9999.000,9999.000,9999.000,9999.000,9999.000,9999.000,9999.000,9999.000
202604162136,   2.977,9999.000,9999.000,9999.000,9999.000,9999.000,9999.000,9999.000,9999.000
202604162142,   2.868,9999.000,9999.000,9999.000,9999.000,9999.000,9999.000,9999.000,9999.000
202604162148,   2.760,9999.000,9999.000,9999.000,9999.000,9999.000,9999.000,9999.000,9999.000
202604162154,   2.653,   2.414,9999.000,9999.000,9999.000,9999.000,9999.000,9999.000,9999.000
202604162200,   2.547,   2.414,   0.500,  -0.633,   2.414,   0.400,   2.314,   0.500,   2.414
202604162206,   2.443,9999.000,9999.000,9999.000,9999.000,9999.000,9999.000,9999.000,9999.000
202604162212,   2.341,9999.000,9999.000,9999.000,9999.000,9999.000,9999.000,9999.000,9999.000
202604162218,   2.239,9999.000,9999.000,9999.000,9999.000,9999.000,9999.000,9999.000,9999.000
202604162224,   2.140,   1.869,9999.000,9999.000,9999.000,9999.000,9999.000,9999.000,9999.000
202604162230,   2.041,9999.000,9999.000,9999.000,9999.000,9999.000,9999.000,9999.000,9999.000
202604162236,   1.944,9999.000,9999.000,9999.000,9999.000,9999.000,9999.000,9999.000,9999.000
202604162242,   1.849,9999.000,9999.000,9999.000,9999.000,9999.000,9999.000,9999.000,9999.000
202604162248,   1.754,9999.000,9999.000,9999.000,9999.000,9999.000,9999.000,9999.000,9999.000
202604162254,   1.661,   1.367,9999.000,9999.000,9999.000,9999.000,9999.000,9999.000,9999.000
202604162300,   1.569,   1.367,   0.500,  -0.702,   1.367,   0.400,   1.267,   0.500,   1.367
202604162306,   1.479,9999.000,9999.000,9999.000,9999.000,9999.000,9999.000,9999.000,9999.000
202604162312,   1.390,9999.000,9999.000,9999.000,9999.000,9999.000,9999.000,9999.000,9999.000
202604162318,   1.303,9999.000,9999.000,9999.000,9999.000,9999.000,9999.000,9999.000,9999.000
202604162324,   1.217,   0.921,9999.000,9999.000,9999.000,9999.000,9999.000,9999.000,9999.000
202604162330,   1.135,9999.000,9999.000,9999.000,9999.000,9999.000,9999.000,9999.000,9999.000
202604162336,   1.055,9999.000,9999.000,9999.000,9999.000,9999.000,9999.000,9999.000,9999.000
202604162342,   0.979,9999.000,9999.000,9999.000,9999.000,9999.000,9999.000,9999.000,9999.000
202604162348,   0.907,9999.000,9999.000,9999.000,9999.000,9999.000,9999.000,9999.000,9999.000
202604162354,   0.840,   0.593,9999.000,9999.000,9999.000,9999.000,9999.000,9999.000,9999.000
202604170000,   0.779,   0.593,   0.500,  -0.686,   0.593,   0.500,   0.593,   0.500,   0.593
202604170006,   0.725,9999.000,9999.000,9999.000,9999.000,9999.000,9999.000,9999.000,9999.000
202604170012,   0.678,9999.000,9999.000,9999.000,9999.000,9999.000,9999.000,9999.000,9999.000
202604170018,   0.640,9999.000,9999.000,9999.000,9999.000,9999.000,9999.000,9999.000,9999.000
202604170024,   0.611,   0.865,9999.000,9999.000,9999.000,9999.000,9999.000,9999.000,9999.000
202604170030,   0.594,9999.000,9999.000,9999.000,9999.000,9999.000,9999.000,9999.000,9999.000
202604170036,   0.587,9999.000,9999.000,9999.000,9999.000,9999.000,9999.000,9999.000,9999.000
202604170042,   0.594,9999.000,9999.000,9999.000,9999.000,9999.000,9999.000,9999.000,9999.000
202604170048,   0.613,9999.000,9999.000,9999.000,9999.000,9999.000,9999.000,9999.000,9999.000
